Name: Connor Moore
Student #: 20011955
 Program Generated Labels: 
[1, 1, 1, 1, 2, 2, 1, 1, 2, 2, 1, 5, 1, 1, 5, 7, 2, 2, 5, 1, 1, 6, 1, 6, 1, 1, 1, 1, 5, 7, 1, 2]
 Actual Labels: 
[1, 1, 7, 1, 3, 2, 3, 1, 1, 2, 2, 5, 2, 3, 7, 7, 2, 2, 5, 1, 2, 6, 1, 6, 1, 1, 1, 2, 5, 7, 1, 2]

 Final weights: [[ 8.56095554e+00  2.52422120e+00  1.09247529e+01 -1.58470773e+01
  -7.30333019e-01 -8.23452416e+00  1.69463812e+01 -1.24033741e+01
   9.62476741e+00]
 [ 8.29787384e+00 -3.43516154e+01 -2.85722513e+00  1.66642205e+01
   2.44496479e+00  2.02487977e+01  1.89146384e+01  9.33009425e+00
   7.39522430e+00]
 [-1.63489461e+01  1.50565623e+01 -1.75715609e+00 -1.45789168e+01
   1.06677047e+00 -3.68968919e+01  1.33150355e+01  2.33369495e+00
  -2.38686839e+00]
 [ 7.55836982e+00  9.24134550e+00 -3.97067964e+00 -8.87769702e+00
   9.98203579e+00  2.44099250e+00 -1.02118990e+01  1.26875439e+00
   9.03465920e+00]
 [ 6.78718608e+01 -1.01174156e+01 -3.14330144e+01 -1.31412886e+01
   2.70019409e+01  6.01803650e+00  8.48639784e+00  2.05826132e+01
  -1.40939794e+01]
 [ 6.01670663e-03 -3.87386871e+00 -1.08885426e+01  3.08789948e+01
  -7.93927040e-01 -1.30748323e+01 -4.26302806e+00 -3.50369179e+00
  -2.94172797e+01]
 [-1.56395274e+01 -1.61230320e+01  3.91905508e+00 -1.75085978e+01
  -1.27855454e+01  3.25541038e+01  5.09859688e+01  1.35561183e+01
   7.45809641e+00]
 [-2.28326125e+01  3.77388962e+00  2.38707359e+01 -3.32957388e+01
  -2.46305761e+00  3.32079758e+00  3.47983462e+00  4.22749696e+00
   1.02700896e+01]]

 Confusion Matrix: 
[[10  4  2  0  0  1]
 [ 1  5  1  0  0  0]
 [ 0  0  0  0  0  0]
 [ 0  0  0  3  0  1]
 [ 0  0  0  0  2  0]
 [ 0  0  0  0  0  2]]

 Precision and Recall:
              precision    recall  f1-score   support

           1       0.91      0.59      0.71        17
           2       0.56      0.71      0.63         7
           3       0.00      0.00      0.00         0
           5       1.00      0.75      0.86         4
           6       1.00      1.00      1.00         2
           7       0.50      1.00      0.67         2

   micro avg       0.69      0.69      0.69        32
   macro avg       0.66      0.68      0.64        32
weighted avg       0.82      0.69      0.73        32
